3800.000  0
3801.000  0
3802.000  0
3803.000  0
3804.000  0
3805.000  0
3806.000  0
3807.000  0
3808.000  0
3809.000  0
3810.000  0
3811.000  0
3812.000  0
3813.000  0
3814.000  0
3815.000  0
3816.000  0
3817.000  0
3818.000  0
3819.000  0
3820.000  0
3821.000  0
3822.000  0
3823.000  0
3824.000  0
3825.000  0
3826.000  0
3827.000  0
3828.000  0
3829.000  0
3830.000  0
3831.000  0
3832.000  0
3833.000  0
3834.000  0
3835.000  0
3836.000  0
3837.000  0
3838.000  0
3839.000  0
3840.000  0
3841.000  0
3842.000  0
3843.000  0
3844.000  0
3845.000  0.000233972
3846.000  0.0031533
3847.000  0.0192082
3848.000  0.0775528
3849.000  0.217498
3850.000  0.438417
3851.000  0.665349
3852.000  0.811895
3853.000  0.863225
3854.000  0.863701
3855.000  0.85842
3856.000  0.867242
3857.000  0.884223
3858.000  0.893842
3859.000  0.895209
3860.000  0.897677
3861.000  0.899197
3862.000  0.891769
3863.000  0.875686
3864.000  0.85593
3865.000  0.839242
3866.000  0.835295
3867.000  0.84514
3868.000  0.854905
3869.000  0.851403
3870.000  0.835011
3871.000  0.813029
3872.000  0.79075
3873.000  0.771783
3874.000  0.757585
3875.000  0.744968
3876.000  0.726711
3877.000  0.69954
3878.000  0.67312
3879.000  0.658447
3880.000  0.647916
3881.000  0.624606
3882.000  0.585193
3883.000  0.538139
3884.000  0.488607
3885.000  0.436027
3886.000  0.381758
3887.000  0.332772
3888.000  0.301616
3889.000  0.301968
3890.000  0.33681
3891.000  0.393105
3892.000  0.4531
3893.000  0.506236
3894.000  0.550934
3895.000  0.590427
3896.000  0.626962
3897.000  0.659068
3898.000  0.685497
3899.000  0.708345
3900.000  0.729911
3901.000  0.747654
3902.000  0.756472
3903.000  0.758521
3904.000  0.761535
3905.000  0.769373
3906.000  0.782836
3907.000  0.801381
3908.000  0.821176
3909.000  0.836885
3910.000  0.844781
3911.000  0.844878
3912.000  0.841237
3913.000  0.837883
3914.000  0.835229
3915.000  0.830825
3916.000  0.823522
3917.000  0.815906
3918.000  0.811133
3919.000  0.81242
3920.000  0.820995
3921.000  0.83278
3922.000  0.839331
3923.000  0.83363
3924.000  0.814111
3925.000  0.783593
3926.000  0.746441
3927.000  0.702291
3928.000  0.647994
3929.000  0.585017
3930.000  0.519395
3931.000  0.458066
3932.000  0.409512
3933.000  0.386128
3934.000  0.398322
3935.000  0.44352
3936.000  0.506977
3937.000  0.574339
3938.000  0.63953
3939.000  0.699046
3940.000  0.745402
3941.000  0.773991
3942.000  0.788398
3943.000  0.795447
3944.000  0.801704
3945.000  0.809898
3946.000  0.815203
3947.000  0.812478
3948.000  0.804957
3949.000  0.798014
3950.000  0.790042
3951.000  0.777505
3952.000  0.76307
3953.000  0.751477
3954.000  0.739992
3955.000  0.723157
3956.000  0.704137
3957.000  0.69012
3958.000  0.679624
3959.000  0.66389
3960.000  0.637509
3961.000  0.602134
3962.000  0.561998
3963.000  0.519892
3964.000  0.477107
3965.000  0.43289
3966.000  0.385264
3967.000  0.33472
3968.000  0.287853
3969.000  0.257401
3970.000  0.255763
3971.000  0.284487
3972.000  0.331883
3973.000  0.383478
3974.000  0.431443
3975.000  0.474396
3976.000  0.514403
3977.000  0.553596
3978.000  0.590999
3979.000  0.624218
3980.000  0.652446
3981.000  0.675336
3982.000  0.693363
3983.000  0.708343
3984.000  0.722596
3985.000  0.737939
3986.000  0.755954
3987.000  0.776713
3988.000  0.794185
3989.000  0.80216
3990.000  0.804842
3991.000  0.811261
3992.000  0.823874
3993.000  0.838062
3994.000  0.848278
3995.000  0.851955
3996.000  0.851027
3997.000  0.852103
3998.000  0.860626
3999.000  0.872958
4000.000  0.879118
4001.000  0.874867
4002.000  0.865182
4003.000  0.855905
4004.000  0.849109
4005.000  0.848942
4006.000  0.859893
4007.000  0.877908
4008.000  0.892496
4009.000  0.896577
4010.000  0.891074
4011.000  0.881273
4012.000  0.873857
4013.000  0.874305
4014.000  0.881557
4015.000  0.888765
4016.000  0.89164
4017.000  0.894856
4018.000  0.905917
4019.000  0.921229
4020.000  0.929344
4021.000  0.926662
4022.000  0.919273
4023.000  0.912
4024.000  0.906968
4025.000  0.909454
4026.000  0.92084
4027.000  0.930688
4028.000  0.925953
4029.000  0.904295
4030.000  0.877546
4031.000  0.861793
4032.000  0.86258
4033.000  0.875077
4034.000  0.891822
4035.000  0.905951
4036.000  0.913524
4037.000  0.91344
4038.000  0.908884
4039.000  0.905818
4040.000  0.907651
4041.000  0.912433
4042.000  0.913172
4043.000  0.901401
4044.000  0.879662
4045.000  0.865087
4046.000  0.869893
4047.000  0.884419
4048.000  0.892164
4049.000  0.891492
4050.000  0.886657
4051.000  0.875494
4052.000  0.858713
4053.000  0.84413
4054.000  0.837323
4055.000  0.835512
4056.000  0.832561
4057.000  0.830279
4058.000  0.83663
4059.000  0.850211
4060.000  0.85855
4061.000  0.853225
4062.000  0.839156
4063.000  0.829032
4064.000  0.829353
4065.000  0.833152
4066.000  0.83296
4067.000  0.833755
4068.000  0.839995
4069.000  0.842586
4070.000  0.83314
4071.000  0.818894
4072.000  0.809559
4073.000  0.798392
4074.000  0.767414
4075.000  0.708138
4076.000  0.636156
4077.000  0.588762
4078.000  0.595848
4079.000  0.647129
4080.000  0.703368
4081.000  0.736336
4082.000  0.744124
4083.000  0.737363
4084.000  0.724905
4085.000  0.711649
4086.000  0.699718
4087.000  0.687905
4088.000  0.673733
4089.000  0.657421
4090.000  0.640593
4091.000  0.622853
4092.000  0.60281
4093.000  0.579721
4094.000  0.552196
4095.000  0.518655
4096.000  0.478909
4097.000  0.434399
4098.000  0.387566
4099.000  0.340063
4100.000  0.295581
4101.000  0.266259
4102.000  0.266911
4103.000  0.29857
4104.000  0.34703
4105.000  0.39749
4106.000  0.442535
4107.000  0.479571
4108.000  0.50749
4109.000  0.527077
4110.000  0.542949
4111.000  0.56306
4112.000  0.592835
4113.000  0.630594
4114.000  0.669183
4115.000  0.700758
4116.000  0.720748
4117.000  0.729157
4118.000  0.731038
4119.000  0.73417
4120.000  0.741929
4121.000  0.751925
4122.000  0.762859
4123.000  0.774676
4124.000  0.782334
4125.000  0.778278
4126.000  0.762468
4127.000  0.744363
4128.000  0.734947
4129.000  0.737568
4130.000  0.747332
4131.000  0.759908
4132.000  0.777301
4133.000  0.801181
4134.000  0.826262
4135.000  0.845481
4136.000  0.856449
4137.000  0.862853
4138.000  0.870804
4139.000  0.881558
4140.000  0.889641
4141.000  0.887623
4142.000  0.875446
4143.000  0.862508
4144.000  0.856534
4145.000  0.855926
4146.000  0.85934
4147.000  0.868984
4148.000  0.880257
4149.000  0.883796
4150.000  0.877638
4151.000  0.866368
4152.000  0.853797
4153.000  0.842695
4154.000  0.837422
4155.000  0.839742
4156.000  0.845042
4157.000  0.848973
4158.000  0.850062
4159.000  0.846277
4160.000  0.837781
4161.000  0.833949
4162.000  0.84664
4163.000  0.872082
4164.000  0.894883
4165.000  0.905513
4166.000  0.905184
4167.000  0.900573
4168.000  0.893458
4169.000  0.875543
4170.000  0.842242
4171.000  0.806868
4172.000  0.788911
4173.000  0.795057
4174.000  0.815585
4175.000  0.835116
4176.000  0.842444
4177.000  0.836372
4178.000  0.828019
4179.000  0.830533
4180.000  0.84218
4181.000  0.849503
4182.000  0.848383
4183.000  0.846815
4184.000  0.851466
4185.000  0.85976
4186.000  0.862491
4187.000  0.858446
4188.000  0.857621
4189.000  0.86498
4190.000  0.874868
4191.000  0.88494
4192.000  0.897493
4193.000  0.906157
4194.000  0.902122
4195.000  0.888394
4196.000  0.871928
4197.000  0.85482
4198.000  0.84499
4199.000  0.852925
4200.000  0.871641
4201.000  0.884271
4202.000  0.885355
4203.000  0.879773
4204.000  0.872781
4205.000  0.869208
4206.000  0.870966
4207.000  0.874037
4208.000  0.874456
4209.000  0.874876
4210.000  0.880627
4211.000  0.887412
4212.000  0.877996
4213.000  0.836484
4214.000  0.770699
4215.000  0.720855
4216.000  0.726787
4217.000  0.782008
4218.000  0.844475
4219.000  0.88528
4220.000  0.904386
4221.000  0.910695
4222.000  0.907375
4223.000  0.89443
4224.000  0.874119
4225.000  0.854576
4226.000  0.847913
4227.000  0.863802
4228.000  0.896922
4229.000  0.927693
4230.000  0.941092
4231.000  0.933782
4232.000  0.91331
4233.000  0.897504
4234.000  0.89713
4235.000  0.903788
4236.000  0.906131
4237.000  0.900792
4238.000  0.890065
4239.000  0.882778
4240.000  0.886282
4241.000  0.897369
4242.000  0.909193
4243.000  0.918978
4244.000  0.923047
4245.000  0.918248
4246.000  0.910612
4247.000  0.909301
4248.000  0.913213
4249.000  0.913466
4250.000  0.909193
4251.000  0.906664
4252.000  0.905867
4253.000  0.903158
4254.000  0.902168
4255.000  0.908258
4256.000  0.917153
4257.000  0.918437
4258.000  0.907523
4259.000  0.887863
4260.000  0.870243
4261.000  0.867954
4262.000  0.885393
4263.000  0.913445
4264.000  0.939577
4265.000  0.95603
4266.000  0.958784
4267.000  0.947586
4268.000  0.928819
4269.000  0.912038
4270.000  0.901533
4271.000  0.896757
4272.000  0.897127
4273.000  0.899117
4274.000  0.89971
4275.000  0.903506
4276.000  0.913548
4277.000  0.923306
4278.000  0.926933
4279.000  0.926302
4280.000  0.924472
4281.000  0.921595
4282.000  0.91651
4283.000  0.910947
4284.000  0.909062
4285.000  0.911542
4286.000  0.912357
4287.000  0.9024
4288.000  0.879997
4289.000  0.858422
4290.000  0.857209
4291.000  0.878037
4292.000  0.901238
4293.000  0.910398
4294.000  0.906848
4295.000  0.898719
4296.000  0.888913
4297.000  0.87506
4298.000  0.854653
4299.000  0.832779
4300.000  0.819779
4301.000  0.817936
4302.000  0.822003
4303.000  0.826558
4304.000  0.825251
4305.000  0.817083
4306.000  0.809523
4307.000  0.808141
4308.000  0.81598
4309.000  0.834927
4310.000  0.85728
4311.000  0.867706
4312.000  0.85935
4313.000  0.842184
4314.000  0.830779
4315.000  0.830958
4316.000  0.836179
4317.000  0.835112
4318.000  0.823911
4319.000  0.809106
4320.000  0.799356
4321.000  0.797262
4322.000  0.796036
4323.000  0.784647
4324.000  0.76057
4325.000  0.735151
4326.000  0.721155
4327.000  0.717193
4328.000  0.711627
4329.000  0.697203
4330.000  0.675401
4331.000  0.650485
4332.000  0.623505
4333.000  0.593083
4334.000  0.557766
4335.000  0.515967
4336.000  0.466868
4337.000  0.412456
4338.000  0.357776
4339.000  0.31202
4340.000  0.290245
4341.000  0.303155
4342.000  0.343328
4343.000  0.392984
4344.000  0.441899
4345.000  0.488686
4346.000  0.53247
4347.000  0.571328
4348.000  0.602933
4349.000  0.622827
4350.000  0.629489
4351.000  0.632563
4352.000  0.646747
4353.000  0.674558
4354.000  0.705538
4355.000  0.730944
4356.000  0.749244
4357.000  0.762875
4358.000  0.775701
4359.000  0.790477
4360.000  0.806382
4361.000  0.820231
4362.000  0.831968
4363.000  0.84548
4364.000  0.860487
4365.000  0.869385
4366.000  0.866568
4367.000  0.857032
4368.000  0.852147
4369.000  0.857809
4370.000  0.870388
4371.000  0.882561
4372.000  0.886959
4373.000  0.881005
4374.000  0.873574
4375.000  0.877684
4376.000  0.895105
4377.000  0.917024
4378.000  0.934209
4379.000  0.941527
4380.000  0.938063
4381.000  0.925019
4382.000  0.903072
4383.000  0.878735
4384.000  0.86578
4385.000  0.870514
4386.000  0.884088
4387.000  0.896013
4388.000  0.904622
4389.000  0.910662
4390.000  0.913995
4391.000  0.917357
4392.000  0.920293
4393.000  0.917399
4394.000  0.910742
4395.000  0.911698
4396.000  0.924211
4397.000  0.937808
4398.000  0.941807
4399.000  0.936726
4400.000  0.930132
4401.000  0.926604
4402.000  0.92347
4403.000  0.919162
4404.000  0.918929
4405.000  0.92586
4406.000  0.933361
4407.000  0.934635
4408.000  0.931907
4409.000  0.930363
4410.000  0.930683
4411.000  0.930803
4412.000  0.927076
4413.000  0.916564
4414.000  0.903722
4415.000  0.897467
4416.000  0.899273
4417.000  0.905483
4418.000  0.915636
4419.000  0.926092
4420.000  0.925003
4421.000  0.905636
4422.000  0.880588
4423.000  0.872419
4424.000  0.887349
4425.000  0.910344
4426.000  0.925939
4427.000  0.929924
4428.000  0.924181
4429.000  0.911728
4430.000  0.899773
4431.000  0.895091
4432.000  0.894432
4433.000  0.891497
4434.000  0.888949
4435.000  0.896228
4436.000  0.916639
4437.000  0.940959
4438.000  0.957075
4439.000  0.959803
4440.000  0.95033
4441.000  0.933092
4442.000  0.915789
4443.000  0.908343
4444.000  0.91601
4445.000  0.931837
4446.000  0.942961
4447.000  0.9452
4448.000  0.942685
4449.000  0.938903
4450.000  0.93732
4451.000  0.94024
4452.000  0.940432
4453.000  0.927045
4454.000  0.903238
4455.000  0.885805
4456.000  0.883764
4457.000  0.889816
4458.000  0.895413
4459.000  0.900269
4460.000  0.905275
4461.000  0.910497
4462.000  0.916927
4463.000  0.919894
4464.000  0.914055
4465.000  0.90543
4466.000  0.90262
4467.000  0.90449
4468.000  0.90755
4469.000  0.913984
4470.000  0.92386
4471.000  0.931446
4472.000  0.93342
4473.000  0.931373
4474.000  0.928101
4475.000  0.927677
4476.000  0.934053
4477.000  0.941986
4478.000  0.935736
4479.000  0.905441
4480.000  0.864671
4481.000  0.845561
4482.000  0.865403
4483.000  0.906414
4484.000  0.940071
4485.000  0.953526
4486.000  0.946003
4487.000  0.921434
4488.000  0.892473
4489.000  0.876704
4490.000  0.88052
4491.000  0.8963
4492.000  0.913692
4493.000  0.925638
4494.000  0.930927
4495.000  0.934694
4496.000  0.940692
4497.000  0.946066
4498.000  0.944273
4499.000  0.933183
4500.000  0.920351
4501.000  0.918196
4502.000  0.930336
4503.000  0.946687
4504.000  0.955842
4505.000  0.953761
4506.000  0.942418
4507.000  0.930269
4508.000  0.927981
4509.000  0.935755
4510.000  0.94302
4511.000  0.943069
4512.000  0.938069
4513.000  0.92956
4514.000  0.918587
4515.000  0.913751
4516.000  0.922147
4517.000  0.936367
4518.000  0.943732
4519.000  0.940868
4520.000  0.933207
4521.000  0.926228
4522.000  0.921196
4523.000  0.916104
4524.000  0.906016
4525.000  0.890437
4526.000  0.878506
4527.000  0.877839
4528.000  0.884155
4529.000  0.889988
4530.000  0.895704
4531.000  0.902663
4532.000  0.905225
4533.000  0.900415
4534.000  0.898419
4535.000  0.910704
4536.000  0.933687
4537.000  0.949972
4538.000  0.945038
4539.000  0.92341
4540.000  0.905377
4541.000  0.905626
4542.000  0.917913
4543.000  0.925047
4544.000  0.921093
4545.000  0.916361
4546.000  0.91848
4547.000  0.918169
4548.000  0.904897
4549.000  0.890533
4550.000  0.896028
4551.000  0.917938
4552.000  0.93284
4553.000  0.926948
4554.000  0.907066
4555.000  0.890882
4556.000  0.887697
4557.000  0.890982
4558.000  0.896519
4559.000  0.911593
4560.000  0.934425
4561.000  0.948606
4562.000  0.943517
4563.000  0.925383
4564.000  0.910423
4565.000  0.910534
4566.000  0.925184
4567.000  0.942935
4568.000  0.95113
4569.000  0.945636
4570.000  0.931458
4571.000  0.919639
4572.000  0.921651
4573.000  0.936635
4574.000  0.951034
4575.000  0.955938
4576.000  0.95351
4577.000  0.947051
4578.000  0.935949
4579.000  0.9214
4580.000  0.907828
4581.000  0.897029
4582.000  0.887526
4583.000  0.880421
4584.000  0.880089
4585.000  0.885053
4586.000  0.887894
4587.000  0.886069
4588.000  0.885896
4589.000  0.891152
4590.000  0.89672
4591.000  0.900255
4592.000  0.90779
4593.000  0.920532
4594.000  0.930159
4595.000  0.93275
4596.000  0.933617
4597.000  0.93537
4598.000  0.934788
4599.000  0.9301
4600.000  0.925188
4601.000  0.926993
4602.000  0.936305
4603.000  0.945963
4604.000  0.950734
4605.000  0.952542
4606.000  0.955147
4607.000  0.959618
4608.000  0.964346
4609.000  0.965459
4610.000  0.96049
4611.000  0.951687
4612.000  0.943177
4613.000  0.936495
4614.000  0.92932
4615.000  0.919362
4616.000  0.909476
4617.000  0.903264
4618.000  0.899588
4619.000  0.899451
4620.000  0.904996
4621.000  0.913598
4622.000  0.92364
4623.000  0.933293
4624.000  0.93662
4625.000  0.933293
4626.000  0.93143
4627.000  0.933743
4628.000  0.935814
4629.000  0.937854
4630.000  0.942474
4631.000  0.94441
4632.000  0.936807
4633.000  0.923133
4634.000  0.915048
4635.000  0.9179
4636.000  0.924401
4637.000  0.926922
4638.000  0.926432
4639.000  0.925693
4640.000  0.925587
4641.000  0.927508
4642.000  0.930978
4643.000  0.931315
4644.000  0.922704
4645.000  0.904134
4646.000  0.884552
4647.000  0.877189
4648.000  0.885524
4649.000  0.901645
4650.000  0.91566
4651.000  0.923452
4652.000  0.927193
4653.000  0.928521
4654.000  0.927637
4655.000  0.927159
4656.000  0.930611
4657.000  0.940449
4658.000  0.954834
4659.000  0.966023
4660.000  0.967097
4661.000  0.956706
4662.000  0.93788
4663.000  0.916381
4664.000  0.897388
4665.000  0.881651
4666.000  0.871459
4667.000  0.873179
4668.000  0.886487
4669.000  0.902669
4670.000  0.914365
4671.000  0.919222
4672.000  0.920559
4673.000  0.925945
4674.000  0.937838
4675.000  0.949313
4676.000  0.952253
4677.000  0.945925
4678.000  0.937674
4679.000  0.935256
4680.000  0.939179
4681.000  0.94547
4682.000  0.950525
4683.000  0.951787
4684.000  0.950359
4685.000  0.950811
4686.000  0.953647
4687.000  0.953477
4688.000  0.948079
4689.000  0.941669
4690.000  0.938083
4691.000  0.937217
4692.000  0.937971
4693.000  0.939917
4694.000  0.942082
4695.000  0.940941
4696.000  0.93119
4697.000  0.913303
4698.000  0.897596
4699.000  0.894763
4700.000  0.902939
4701.000  0.911445
4702.000  0.915998
4703.000  0.921935
4704.000  0.931283
4705.000  0.937128
4706.000  0.933733
4707.000  0.925352
4708.000  0.922108
4709.000  0.928539
4710.000  0.939219
4711.000  0.945695
4712.000  0.944525
4713.000  0.939857
4714.000  0.939426
4715.000  0.945413
4716.000  0.95163
4717.000  0.95347
4718.000  0.954393
4719.000  0.95797
4720.000  0.960966
4721.000  0.95892
4722.000  0.95346
4723.000  0.951535
4724.000  0.956074
4725.000  0.960093
4726.000  0.956326
4727.000  0.947006
4728.000  0.937603
4729.000  0.929934
4730.000  0.927336
4731.000  0.935226
4732.000  0.951021
4733.000  0.96397
4734.000  0.966032
4735.000  0.956831
4736.000  0.943459
4737.000  0.937795
4738.000  0.94394
4739.000  0.952347
4740.000  0.953903
4741.000  0.950773
4742.000  0.9487
4743.000  0.948057
4744.000  0.947075
4745.000  0.946034
4746.000  0.944533
4747.000  0.941993
4748.000  0.942049
4749.000  0.946572
4750.000  0.950161
4751.000  0.948445
4752.000  0.944565
4753.000  0.941682
4754.000  0.938196
4755.000  0.934503
4756.000  0.936011
4757.000  0.94499
4758.000  0.955693
4759.000  0.96007
4760.000  0.955223
4761.000  0.944528
4762.000  0.932655
4763.000  0.921135
4764.000  0.911717
4765.000  0.909038
4766.000  0.914846
4767.000  0.925589
4768.000  0.936136
4769.000  0.941801
4770.000  0.941445
4771.000  0.940845
4772.000  0.94616
4773.000  0.954721
4774.000  0.959792
4775.000  0.960976
4776.000  0.962817
4777.000  0.965467
4778.000  0.965248
4779.000  0.963017
4780.000  0.962513
4781.000  0.962181
4782.000  0.958523
4783.000  0.954906
4784.000  0.955943
4785.000  0.958624
4786.000  0.957959
4787.000  0.953704
4788.000  0.947574
4789.000  0.942433
4790.000  0.941307
4791.000  0.943488
4792.000  0.94748
4793.000  0.953502
4794.000  0.958731
4795.000  0.958325
4796.000  0.951914
4797.000  0.941703
4798.000  0.928028
4799.000  0.914039
4800.000  0.909111
4801.000  0.917829
4802.000  0.930318
4803.000  0.933542
4804.000  0.927369
4805.000  0.922902
4806.000  0.927103
4807.000  0.935346
4808.000  0.940525
4809.000  0.939966
4810.000  0.934005
4811.000  0.925731
4812.000  0.921265
4813.000  0.923631
4814.000  0.928431
4815.000  0.930507
4816.000  0.930413
4817.000  0.931504
4818.000  0.9346
4819.000  0.936947
4820.000  0.934571
4821.000  0.92352
4822.000  0.902834
4823.000  0.880286
4824.000  0.869803
4825.000  0.875517
4826.000  0.886269
4827.000  0.890236
4828.000  0.885738
4829.000  0.878542
4830.000  0.873463
4831.000  0.869742
4832.000  0.865704
4833.000  0.861542
4834.000  0.855963
4835.000  0.847556
4836.000  0.839676
4837.000  0.836074
4838.000  0.834037
4839.000  0.829893
4840.000  0.824716
4841.000  0.819833
4842.000  0.813593
4843.000  0.804613
4844.000  0.792927
4845.000  0.777269
4846.000  0.756486
4847.000  0.733596
4848.000  0.715144
4849.000  0.703751
4850.000  0.694169
4851.000  0.67999
4852.000  0.659237
4853.000  0.632079
4854.000  0.599192
4855.000  0.563046
4856.000  0.526533
4857.000  0.488967
4858.000  0.445904
4859.000  0.39601
4860.000  0.35011
4861.000  0.329595
4862.000  0.34647
4863.000  0.389681
4864.000  0.440056
4865.000  0.487726
4866.000  0.530312
4867.000  0.566832
4868.000  0.596561
4869.000  0.619195
4870.000  0.636248
4871.000  0.652802
4872.000  0.673213
4873.000  0.694371
4874.000  0.708777
4875.000  0.714527
4876.000  0.71977
4877.000  0.73408
4878.000  0.757412
4879.000  0.781552
4880.000  0.799129
4881.000  0.808065
4882.000  0.809277
4883.000  0.803968
4884.000  0.795638
4885.000  0.790604
4886.000  0.793503
4887.000  0.803684
4888.000  0.815915
4889.000  0.824421
4890.000  0.828743
4891.000  0.835405
4892.000  0.849309
4893.000  0.86641
4894.000  0.879906
4895.000  0.887414
4896.000  0.890538
4897.000  0.89171
4898.000  0.891954
4899.000  0.891093
4900.000  0.889154
4901.000  0.886858
4902.000  0.886307
4903.000  0.890811
4904.000  0.900831
4905.000  0.91142
4906.000  0.916663
4907.000  0.914412
4908.000  0.905858
4909.000  0.894089
4910.000  0.884858
4911.000  0.884541
4912.000  0.894584
4913.000  0.910973
4914.000  0.926885
4915.000  0.935081
4916.000  0.931543
4917.000  0.917724
4918.000  0.899186
4919.000  0.882891
4920.000  0.874695
4921.000  0.873981
4922.000  0.874247
4923.000  0.87499
4924.000  0.88486
4925.000  0.905495
4926.000  0.925526
4927.000  0.936223
4928.000  0.939659
4929.000  0.939617
4930.000  0.937498
4931.000  0.93386
4932.000  0.928607
4933.000  0.924032
4934.000  0.924136
4935.000  0.926679
4936.000  0.924882
4937.000  0.917882
4938.000  0.912178
4939.000  0.914366
4940.000  0.924287
4941.000  0.935793
4942.000  0.944323
4943.000  0.949413
4944.000  0.951187
4945.000  0.949845
4946.000  0.946846
4947.000  0.943373
4948.000  0.940288
4949.000  0.938766
4950.000  0.938157
4951.000  0.935724
4952.000  0.931184
4953.000  0.92825
4954.000  0.928737
4955.000  0.928015
4956.000  0.921535
4957.000  0.91688
4958.000  0.926534
4959.000  0.946867
4960.000  0.96266
4961.000  0.967356
4962.000  0.96589
4963.000  0.963457
4964.000  0.959948
4965.000  0.954581
4966.000  0.949333
4967.000  0.946389
4968.000  0.945752
4969.000  0.946223
4970.000  0.947403
4971.000  0.950319
4972.000  0.955919
4973.000  0.963285
4974.000  0.969438
4975.000  0.971107
4976.000  0.968032
4977.000  0.963908
4978.000  0.962698
4979.000  0.962726
4980.000  0.956555
4981.000  0.940183
4982.000  0.920892
4983.000  0.911149
4984.000  0.916307
4985.000  0.932819
4986.000  0.953388
4987.000  0.969517
4988.000  0.974996
4989.000  0.970609
4990.000  0.96318
4991.000  0.95984
4992.000  0.961838
4993.000  0.966075
4994.000  0.971186
4995.000  0.976747
4996.000  0.981144
4997.000  0.982325
4998.000  0.977191
4999.000  0.962791
5000.000  0.941086
5001.000  0.922155
5002.000  0.916192
5003.000  0.919275
5004.000  0.918698
5005.000  0.911926
5006.000  0.909183
5007.000  0.919096
5008.000  0.937831
5009.000  0.953795
5010.000  0.959256
5011.000  0.954387
5012.000  0.944728
5013.000  0.937539
5014.000  0.936235
5015.000  0.936308
5016.000  0.927972
5017.000  0.907028
5018.000  0.884806
5019.000  0.877611
5020.000  0.88726
5021.000  0.903645
5022.000  0.920155
5023.000  0.935644
5024.000  0.947128
5025.000  0.949173
5026.000  0.940901
5027.000  0.93144
5028.000  0.931931
5029.000  0.941373
5030.000  0.950941
5031.000  0.957608
5032.000  0.963239
5033.000  0.966481
5034.000  0.963999
5035.000  0.957585
5036.000  0.95332
5037.000  0.95249
5038.000  0.948265
5039.000  0.934577
5040.000  0.916369
5041.000  0.908883
5042.000  0.920569
5043.000  0.941116
5044.000  0.955955
5045.000  0.961407
5046.000  0.960153
5047.000  0.955154
5048.000  0.950489
5049.000  0.949214
5050.000  0.950261
5051.000  0.95162
5052.000  0.953109
5053.000  0.952958
5054.000  0.947539
5055.000  0.939146
5056.000  0.938126
5057.000  0.949457
5058.000  0.964848
5059.000  0.974486
5060.000  0.977306
5061.000  0.977209
5062.000  0.975168
5063.000  0.968272
5064.000  0.956468
5065.000  0.946147
5066.000  0.941964
5067.000  0.94206
5068.000  0.944378
5069.000  0.947684
5070.000  0.948075
5071.000  0.943283
5072.000  0.936219
5073.000  0.930064
5074.000  0.925963
5075.000  0.926748
5076.000  0.933617
5077.000  0.940347
5078.000  0.941367
5079.000  0.941653
5080.000  0.947578
5081.000  0.955671
5082.000  0.959753
5083.000  0.959735
5084.000  0.958438
5085.000  0.956615
5086.000  0.954614
5087.000  0.953934
5088.000  0.954135
5089.000  0.952892
5090.000  0.950889
5091.000  0.951416
5092.000  0.954446
5093.000  0.957557
5094.000  0.958178
5095.000  0.951992
5096.000  0.937668
5097.000  0.923424
5098.000  0.918192
5099.000  0.92149
5100.000  0.929481
5101.000  0.941607
5102.000  0.956027
5103.000  0.967792
5104.000  0.973752
5105.000  0.973837
5106.000  0.969239
5107.000  0.962326
5108.000  0.955594
5109.000  0.950807
5110.000  0.950896
5111.000  0.956827
5112.000  0.964343
5113.000  0.969119
5114.000  0.970469
5115.000  0.970052
5116.000  0.970569
5117.000  0.972969
5118.000  0.974431
5119.000  0.972079
5120.000  0.966599
5121.000  0.96073
5122.000  0.955979
5123.000  0.952145
5124.000  0.948885
5125.000  0.947146
5126.000  0.948278
5127.000  0.952333
5128.000  0.958255
5129.000  0.964921
5130.000  0.969806
5131.000  0.968889
5132.000  0.961693
5133.000  0.954891
5134.000  0.954513
5135.000  0.956438
5136.000  0.952575
5137.000  0.943291
5138.000  0.935299
5139.000  0.934293
5140.000  0.940052
5141.000  0.94526
5142.000  0.945557
5143.000  0.944565
5144.000  0.94527
5145.000  0.946524
5146.000  0.946401
5147.000  0.944716
5148.000  0.943952
5149.000  0.946652
5150.000  0.950907
5151.000  0.951437
5152.000  0.945766
5153.000  0.939146
5154.000  0.940252
5155.000  0.949097
5156.000  0.957802
5157.000  0.96234
5158.000  0.963328
5159.000  0.960128
5160.000  0.952043
5161.000  0.942928
5162.000  0.93927
5163.000  0.940818
5164.000  0.936849
5165.000  0.918518
5166.000  0.890521
5167.000  0.868192
5168.000  0.864366
5169.000  0.878553
5170.000  0.896516
5171.000  0.905421
5172.000  0.910892
5173.000  0.926171
5174.000  0.947882
5175.000  0.961625
5176.000  0.96347
5177.000  0.961283
5178.000  0.960983
5179.000  0.960961
5180.000  0.957309
5181.000  0.946618
5182.000  0.927964
5183.000  0.909794
5184.000  0.906064
5185.000  0.917607
5186.000  0.930872
5187.000  0.936085
5188.000  0.935342
5189.000  0.933745
5190.000  0.929498
5191.000  0.922161
5192.000  0.919449
5193.000  0.923397
5194.000  0.925222
5195.000  0.921431
5196.000  0.919181
5197.000  0.923893
5198.000  0.933216
5199.000  0.941584
5200.000  0.945753
5201.000  0.945183
5202.000  0.940417
5203.000  0.931896
5204.000  0.921376
5205.000  0.913574
5206.000  0.91252
5207.000  0.916846
5208.000  0.924678
5209.000  0.936077
5210.000  0.947131
5211.000  0.952946
5212.000  0.951563
5213.000  0.940938
5214.000  0.924029
5215.000  0.911996
5216.000  0.914441
5217.000  0.929998
5218.000  0.949482
5219.000  0.963057
5220.000  0.965449
5221.000  0.958303
5222.000  0.945827
5223.000  0.92853
5224.000  0.904865
5225.000  0.878715
5226.000  0.861752
5227.000  0.866525
5228.000  0.892402
5229.000  0.922778
5230.000  0.940795
5231.000  0.9414
5232.000  0.932025
5233.000  0.925097
5234.000  0.925002
5235.000  0.92628
5236.000  0.924485
5237.000  0.923711
5238.000  0.930225
5239.000  0.941327
5240.000  0.948484
5241.000  0.947465
5242.000  0.941972
5243.000  0.940436
5244.000  0.945918
5245.000  0.95067
5246.000  0.947779
5247.000  0.941072
5248.000  0.937102
5249.000  0.937781
5250.000  0.943182
5251.000  0.951854
5252.000  0.957743
5253.000  0.955489
5254.000  0.948121
5255.000  0.944344
5256.000  0.94801
5257.000  0.95545
5258.000  0.959912
5259.000  0.9551
5260.000  0.939661
5261.000  0.917531
5262.000  0.89277
5263.000  0.868551
5264.000  0.851873
5265.000  0.851755
5266.000  0.869032
5267.000  0.891581
5268.000  0.904136
5269.000  0.904863
5270.000  0.904969
5271.000  0.909265
5272.000  0.908723
5273.000  0.893706
5274.000  0.868619
5275.000  0.855324
5276.000  0.871357
5277.000  0.902508
5278.000  0.921143
5279.000  0.922885
5280.000  0.923544
5281.000  0.930754
5282.000  0.936763
5283.000  0.936628
5284.000  0.937527
5285.000  0.946609
5286.000  0.960108
5287.000  0.970443
5288.000  0.976058
5289.000  0.978806
5290.000  0.978474
5291.000  0.974838
5292.000  0.970557
5293.000  0.96802
5294.000  0.963787
5295.000  0.948258
5296.000  0.91739
5297.000  0.886559
5298.000  0.880249
5299.000  0.90191
5300.000  0.929808
5301.000  0.945465
5302.000  0.948986
5303.000  0.947554
5304.000  0.943573
5305.000  0.936549
5306.000  0.930237
5307.000  0.930181
5308.000  0.936936
5309.000  0.945738
5310.000  0.951435
5311.000  0.951357
5312.000  0.945077
5313.000  0.935795
5314.000  0.926844
5315.000  0.917206
5316.000  0.910005
5317.000  0.914038
5318.000  0.930151
5319.000  0.948912
5320.000  0.961371
5321.000  0.964601
5322.000  0.959845
5323.000  0.950248
5324.000  0.941828
5325.000  0.937136
5326.000  0.927959
5327.000  0.906973
5328.000  0.887476
5329.000  0.891558
5330.000  0.918733
5331.000  0.946665
5332.000  0.958901
5333.000  0.956524
5334.000  0.948146
5335.000  0.939082
5336.000  0.927591
5337.000  0.910309
5338.000  0.891907
5339.000  0.885704
5340.000  0.900765
5341.000  0.929167
5342.000  0.952877
5343.000  0.959837
5344.000  0.949655
5345.000  0.931818
5346.000  0.920637
5347.000  0.922712
5348.000  0.93275
5349.000  0.945355
5350.000  0.958453
5351.000  0.9682
5352.000  0.971725
5353.000  0.971835
5354.000  0.973767
5355.000  0.979128
5356.000  0.98505
5357.000  0.988066
5358.000  0.987522
5359.000  0.98454
5360.000  0.978556
5361.000  0.968763
5362.000  0.957682
5363.000  0.949863
5364.000  0.946634
5365.000  0.945409
5366.000  0.942357
5367.000  0.934478
5368.000  0.92215
5369.000  0.911451
5370.000  0.912544
5371.000  0.928986
5372.000  0.951896
5373.000  0.969679
5374.000  0.978351
5375.000  0.980357
5376.000  0.978369
5377.000  0.973264
5378.000  0.965837
5379.000  0.959058
5380.000  0.955374
5381.000  0.95333
5382.000  0.951247
5383.000  0.952523
5384.000  0.958632
5385.000  0.962902
5386.000  0.960535
5387.000  0.955636
5388.000  0.95157
5389.000  0.946699
5390.000  0.942242
5391.000  0.942974
5392.000  0.948934
5393.000  0.954572
5394.000  0.953929
5395.000  0.945446
5396.000  0.935372
5397.000  0.932352
5398.000  0.9365
5399.000  0.939857
5400.000  0.938876
5401.000  0.936835
5402.000  0.93365
5403.000  0.926748
5404.000  0.920484
5405.000  0.921777
5406.000  0.928565
5407.000  0.931878
5408.000  0.927061
5409.000  0.919083
5410.000  0.918537
5411.000  0.929236
5412.000  0.941009
5413.000  0.942663
5414.000  0.937769
5415.000  0.939178
5416.000  0.94957
5417.000  0.958754
5418.000  0.959115
5419.000  0.953068
5420.000  0.946979
5421.000  0.944119
5422.000  0.94191
5423.000  0.937828
5424.000  0.937264
5425.000  0.945371
5426.000  0.955906
5427.000  0.958567
5428.000  0.952132
5429.000  0.945354
5430.000  0.946204
5431.000  0.951859
5432.000  0.954751
5433.000  0.954756
5434.000  0.956755
5435.000  0.96228
5436.000  0.96912
5437.000  0.975095
5438.000  0.978748
5439.000  0.979446
5440.000  0.977683
5441.000  0.973923
5442.000  0.967929
5443.000  0.959051
5444.000  0.947862
5445.000  0.939091
5446.000  0.939432
5447.000  0.950317
5448.000  0.964971
5449.000  0.975255
5450.000  0.979297
5451.000  0.979532
5452.000  0.976345
5453.000  0.966666
5454.000  0.950693
5455.000  0.938529
5456.000  0.941466
5457.000  0.956397
5458.000  0.970612
5459.000  0.977186
5460.000  0.975805
5461.000  0.967122
5462.000  0.954384
5463.000  0.945473
5464.000  0.9444
5465.000  0.946878
5466.000  0.950411
5467.000  0.957578
5468.000  0.966914
5469.000  0.972867
5470.000  0.972668
5471.000  0.966902
5472.000  0.958773
5473.000  0.952735
5474.000  0.948253
5475.000  0.939675
5476.000  0.927493
5477.000  0.920549
5478.000  0.923905
5479.000  0.932226
5480.000  0.938686
5481.000  0.944435
5482.000  0.953339
5483.000  0.963716
5484.000  0.97015
5485.000  0.968447
5486.000  0.95954
5487.000  0.950841
5488.000  0.950037
5489.000  0.955934
5490.000  0.960879
5491.000  0.960546
5492.000  0.957404
5493.000  0.956767
5494.000  0.96039
5495.000  0.963929
5496.000  0.962883
5497.000  0.96014
5498.000  0.961274
5499.000  0.963332
5500.000  0.957167
5501.000  0.941537
5502.000  0.927704
5503.000  0.926658
5504.000  0.935582
5505.000  0.943045
5506.000  0.944236
5507.000  0.942377
5508.000  0.939893
5509.000  0.937154
5510.000  0.935893
5511.000  0.938923
5512.000  0.946793
5513.000  0.957708
5514.000  0.969024
5515.000  0.977681
5516.000  0.982368
5517.000  0.983894
5518.000  0.983574
5519.000  0.98227
5520.000  0.981013
5521.000  0.980892
5522.000  0.981882
5523.000  0.98182
5524.000  0.978593
5525.000  0.973003
5526.000  0.966215
5527.000  0.957943
5528.000  0.951933
5529.000  0.954495
5530.000  0.964254
5531.000  0.973263
5532.000  0.976007
5533.000  0.972108
5534.000  0.966148
5535.000  0.965681
5536.000  0.972911
5537.000  0.981732
5538.000  0.986643
5539.000  0.987349
5540.000  0.984775
5541.000  0.978272
5542.000  0.968148
5543.000  0.958831
5544.000  0.95606
5545.000  0.960452
5546.000  0.96724
5547.000  0.972202
5548.000  0.975069
5549.000  0.977705
5550.000  0.980754
5551.000  0.982573
5552.000  0.981493
5553.000  0.978386
5554.000  0.976667
5555.000  0.978732
5556.000  0.982681
5557.000  0.98472
5558.000  0.983736
5559.000  0.980976
5560.000  0.977645
5561.000  0.974003
5562.000  0.970042
5563.000  0.966734
5564.000  0.965287
5565.000  0.965777
5566.000  0.967016
5567.000  0.966866
5568.000  0.964704
5569.000  0.963583
5570.000  0.965331
5571.000  0.966463
5572.000  0.964858
5573.000  0.964393
5574.000  0.967113
5575.000  0.969987
5576.000  0.971613
5577.000  0.973409
5578.000  0.975719
5579.000  0.976864
5580.000  0.97467
5581.000  0.970022
5582.000  0.967376
5583.000  0.968271
5584.000  0.967329
5585.000  0.958534
5586.000  0.944345
5587.000  0.934254
5588.000  0.93422
5589.000  0.942528
5590.000  0.953718
5591.000  0.960064
5592.000  0.949055
5593.000  0.895134
5594.000  0.763288
5595.000  0.547155
5596.000  0.307601
5597.000  0.129836
5598.000  0.0410784
5599.000  0.0100495
